2401 1.52614 6.65359 -4.43622 3.19154
2402 -1.54234 6.29598 -3.69643 2.7843
2403 -1.47539 6.02717 -3.05631 2.41495
2404 -1.4195 5.79644 -2.54405 2.07415
2405 -1.37307 5.65347 -2.12192 1.78404
2406 -1.33552 5.5935 -1.77098 1.53712
2407 -1.30594 5.58931 -1.48186 1.32597
2408 -1.28301 5.61986 -1.24469 1.14469
2409 -1.26531 5.67236 -1.04948 0.988779
2410 -1.25158 5.73998 -0.886671 0.853618
2411 -1.24087 5.81812 -0.749123 0.735454
2412 -1.2326 5.9031 -0.632305 0.630023
2413 -1.22628 5.9926 -0.533102 0.533411
2414 -1.22167 6.08609 -0.448664 0.443473
2415 -1.21841 6.184 -0.376089 0.360364
2416 -1.21859 6.04969 -0.425623 0.395819
2417 -1.21688 6.16166 -0.363549 0.327994
2418 -1.21685 6.05575 -0.40038 0.335989
2419 -1.21515 6.20608 -0.323539 0.265272
2420 -1.21458 6.11659 -0.34816 0.254298
2421 -1.21378 6.29116 -0.270733 0.19343
2422 -1.21337 6.20915 -0.293521 0.173554
2423 -1.21363 6.10323 -0.332252 0.145735
2424 -1.21327 6.32916 -0.240249 0.128679
2425 -1.21284 6.27608 -0.251916 0.105283
2426 -1.21314 6.18966 -0.283843 0.0678883
2427 -1.21356 6.43293 -0.194279 0.0760836
2428 -1.21345 6.38514 -0.20742 0.0605895
2429 -1.21409 6.30074 -0.242493 0.0301675
2430 -1.21488 6.23401 -0.272236 0.00423546
2431 -1.2154 6.50759 -0.171935 0.0536593
2432 -1.2153 6.4821 -0.176198 0.0520253
2433 -1.21625 6.41855 -0.205078 0.0259751
2434 -1.21749 6.37018 -0.23176 0.00105182
2435 -1.21877 6.34504 -0.250434 -0.0171928
2436 -1.22023 6.65277 -0.149536 0.0421172
2437 -1.22059 6.65165 -0.149898 0.0468784
2438 -1.22173 6.6044 -0.175628 0.0270212
2439 -1.22316 6.56453 -0.201834 0.00814755
2440 -1.22469 6.54107 -0.223011 -0.00456702
2441 -1.22631 6.53139 -0.239545 -0.0120878
2442 -1.22796 6.53115 -0.252438 -0.0158342
2443 -1.22953 6.53721 -0.262625 -0.0166141
2444 -1.2311 6.54671 -0.271817 -0.0158352
2445 -1.23218 6.86042 -0.169698 0.0430805
2446 -1.23285 6.86015 -0.173913 0.0476596
2447 -1.23412 6.81001 -0.202736 0.0249501
2448 -1.23559 6.76571 -0.231638 0.000240054
2449 -1.23712 6.73774 -0.256121 -0.0205636
2450 -1.23868 6.72469 -0.276426 -0.0369537
2451 -1.24017 6.72276 -0.293173 -0.049336
2452 -1.24157 6.72795 -0.307455 -0.0581219
2453 -1.24296 6.73693 -0.321212 -0.0641587
2454 -1.24053 7.04285 -0.192496 0.00693113
2455 -1.24161 7.04393 -0.207993 0.0115833
2456 -1.24454 6.99942 -0.260688 -0.0133854
2457 -1.2477 6.96091 -0.314216 -0.0434094
2458 -1.25075 6.93723 -0.361969 -0.0720417
2459 -1.25365 6.92563 -0.404599 -0.0986751
2460 -1.25626 6.92215 -0.442198 -0.124208
2461 -1.24691 7.19638 -0.25535 -0.0554156
2462 -1.24587 7.18586 -0.256008 -0.0851664
2463 -1.24825 7.13804 -0.308468 -0.144717
2464 -1.25145 7.09753 -0.367527 -0.201602
2465 -1.25459 7.06937 -0.421063 -0.248453
2466 -1.25732 7.05123 -0.467236 -0.285409
2467 -1.24638 7.29535 -0.273967 -0.162122
2468 -1.24721 7.27723 -0.300191 -0.156084
2469 -1.2519 7.23025 -0.380588 -0.184011
2470 -1.25663 7.1925 -0.45819 -0.218949
2471 -1.26047 7.16877 -0.521801 -0.252583
2472 -1.24908 7.40335 -0.33009 -0.148952
2473 -1.24935 7.39113 -0.352143 -0.177421
2474 -1.25356 7.35322 -0.428024 -0.241121
2475 -1.25811 7.32321 -0.504724 -0.301708
2476 -1.2467 7.53836 -0.318283 -0.171841
2477 -1.24799 7.51733 -0.356146 -0.186315
2478 -1.25291 7.47164 -0.443131 -0.237301
2479 -1.25741 7.43344 -0.522786 -0.284761
2480 -1.26068 7.407 -0.584014 -0.319597
2481 -1.24624 7.61454 -0.365203 -0.153813
2482 -1.24595 7.59059 -0.385046 -0.148554
2483 -1.24967 7.54128 -0.45975 -0.183538
2484 -1.25368 7.50021 -0.534638 -0.214713
2485 -1.25721 7.47318 -0.598827 -0.234183
2486 -1.24476 7.68996 -0.398155 -0.0966631
2487 -1.24623 7.66803 -0.436493 -0.0739269
2488 -1.25134 7.61894 -0.524714 -0.0868404
2489 -1.25663 7.57883 -0.609932 -0.101995
2490 -1.24695 7.78629 -0.440552 -0.00651825
2491 -1.24927 7.75357 -0.48935 0.0105434
2492 -1.25428 7.69207 -0.578716 -0.00185071
2493 -1.25924 7.64176 -0.662781 -0.0138278
2494 -1.25275 7.8485 -0.528633 0.0468898
2495 -1.25633 7.81533 -0.589488 0.063581
2496 -1.26153 7.75047 -0.677889 0.056417
2497 -1.25648 7.93319 -0.566516 0.0515426
2498 -1.26085 7.89105 -0.636751 0.0485533
2499 -1.26607 7.817 -0.725681 0.0373386
2500 -1.25959 7.97886 -0.603431 0.0343555
2501 -1.26318 7.92703 -0.665674 0.0400257
2502 -1.26752 7.8454 -0.745482 0.0374569
2503 -1.26016 7.99961 -0.614491 0.0362564
2504 -1.26236 7.94175 -0.661721 0.0468157
2505 -1.25507 8.08095 -0.534103 0.0389051
2506 -1.25737 8.00707 -0.587907 0.05019
2507 -1.2604 7.90853 -0.657683 0.0529452
2508 -1.2554 8.08368 -0.545293 0.0593404
2509 -1.2572 8.02725 -0.586723 0.0694216
2510 -1.25928 7.94051 -0.641106 0.0678032
2511 -1.25393 8.12691 -0.519747 0.0694647
2512 -1.25469 8.07267 -0.548376 0.0724349
2513 -1.25596 7.98677 -0.593728 0.0636837
2514 -1.25137 8.18425 -0.477314 0.0659576
2515 -1.25203 8.13074 -0.50456 0.0622753
2516 -1.25314 8.04391 -0.548578 0.0455282
2517 -1.24944 8.24855 -0.439488 0.0531209
2518 -1.25024 8.19359 -0.46988 0.0429568
2519 -1.25144 8.1038 -0.517101 0.0170517
2520 -1.24849 8.31255 -0.416388 0.0347583
2521 -1.24956 8.2553 -0.451942 0.0204068
2522 -1.25099 8.16277 -0.503662 -0.011593
2523 -1.24839 8.37405 -0.40749 0.0219134
2524 -1.24955 8.31531 -0.446211 0.0106576
2525 -1.25106 8.22122 -0.501258 -0.0199336
2526 -1.24852 8.43371 -0.407118 0.0254122
2527 -1.24982 8.37528 -0.449278 0.0213762
2528 -1.25157 8.28205 -0.508675 -0.00315833
2529 -1.24887 8.4953 -0.414142 0.0442337
2530 -1.2505 8.43909 -0.46072 0.0464779
2531 -1.25273 8.34803 -0.525812 0.0281639
2532 -1.24952 8.55876 -0.427011 0.0699086
2533 -1.25141 8.50341 -0.476852 0.0754479
2534 -1.25408 8.41338 -0.54683 0.0608978
2535 -1.25023 8.61909 -0.442024 0.0930788
2536 -1.25222 8.56341 -0.492999 0.0978372
2537 -1.25511 8.47392 -0.56588 0.0828513
2538 -1.25076 8.67636 -0.457002 0.105884
2539 -1.25276 8.62092 -0.508755 0.106659
2540 -1.25576 8.53222 -0.583314 0.0882533
2541 -1.25104 8.73287 -0.471759 0.107619
2542 -1.25308 8.67705 -0.524211 0.105587
2543 -1.25609 8.58827 -0.599606 0.0846041
2544 -1.25109 8.78731 -0.485729 0.105289
2545 -1.25293 8.7303 -0.538039 0.103465
2546 -1.25584 8.63998 -0.613604 0.0835906
2547 -1.25072 8.83516 -0.500099 0.106964
2548 -1.25247 8.77509 -0.552397 0.107988
2549 -1.25524 8.68224 -0.62681 0.0898626
2550 -1.25015 8.87358 -0.514137 0.108959
2551 -1.25176 8.81117 -0.564341 0.108217
2552 -1.24736 8.97703 -0.466067 0.101827
2553 -1.2495 8.89395 -0.529203 0.0959929
2554 -1.25259 8.78163 -0.612705 0.0775507
2555 -1.24866 8.96372 -0.514609 0.101765
2556 -1.25079 8.89317 -0.572831 0.103034
2557 -1.24712 9.05348 -0.483968 0.0954625
2558 -1.24965 8.96707 -0.552045 0.086639
2559 -1.25293 8.85235 -0.637211 0.0637791
2560 -1.24948 9.03241 -0.543886 0.0846324
2561 -1.25184 8.96167 -0.601814 0.078588
2562 -1.24824 9.12173 -0.510861 0.0737529
2563 -1.2508 9.03555 -0.575605 0.059045
2564 -1.24779 9.1871 -0.494283 0.0604756
2565 -1.25073 9.09308 -0.56588 0.0474293
2566 -1.24793 9.24017 -0.487726 0.0537883
2567 -1.25097 9.14335 -0.560633 0.0418178
2568 -1.24817 9.28998 -0.482068 0.0492669
2569 -1.25115 9.19356 -0.553896 0.0366125
2570 -1.25463 9.07332 -0.638461 0.00672568
2571 -1.25177 9.25703 -0.547058 0.042114
2572 -1.25433 9.18845 -0.60327 0.034363
2573 -1.25068 9.35261 -0.50821 0.0411466
2574 -1.2531 9.26939 -0.567713 0.0246987
2575 -1.25002 9.42615 -0.480909 0.0351416
2576 -1.2527 9.33512 -0.545723 0.0206196
2577 -1.25597 9.21776 -0.625272 -0.0106331
2578 -1.25314 9.40408 -0.53219 0.0323211
2579 -1.25553 9.33455 -0.585648 0.027207
2580 -1.25194 9.49951 -0.490315 0.0394951
2581 -1.25426 9.4148 -0.548596 0.0254398
2582 -1.25137 9.57232 -0.463905 0.0372877
2583 -1.25409 9.47993 -0.529709 0.0229354
2584 -1.25743 9.361 -0.611112 -0.00844372
2585 -1.25458 9.54548 -0.519011 0.0345049
2586 -1.2569 9.47322 -0.572893 0.0284862
2587 -1.25331 9.63604 -0.478417 0.0400567
2588 -1.25542 9.54787 -0.535206 0.0249433
2589 -1.25252 9.70344 -0.451207 0.0363716
2590 -1.25481 9.60708 -0.512948 0.0215217
2591 -1.25757 9.48425 -0.588801 -0.010083
2592 -1.25487 9.66869 -0.499087 0.0325913
2593 -1.25654 9.5927 -0.5469 0.0273115
2594 -1.25335 9.75706 -0.45715 0.0381204
2595 -1.25493 9.66558 -0.509185 0.0243582
2596 -1.2526 9.82302 -0.432095 0.0353005
2597 -1.25451 9.72421 -0.490554 0.0224591
2598 -1.25671 9.59834 -0.560978 -0.00662905
2599 -1.25493 9.78654 -0.481016 0.0339151
2600 -1.25659 9.71123 -0.528547 0.0293974
2601 -1.25407 9.88 -0.445844 0.0381752
2602 -1.25566 9.79054 -0.49754 0.0234405
2603 -1.25376 9.952 -0.424747 0.0327554
2604 -1.2557 9.85511 -0.48321 0.0174402
2605 -1.2579 9.73032 -0.553362 -0.0148404
2606 -1.25648 9.92141 -0.47722 0.0261039
2607 -1.25836 9.84721 -0.527349 0.0182787
2608 -1.25611 10.0173 -0.44767 0.0289922
2609 -1.25795 9.92794 -0.502481 0.0114327
2610 -1.25612 10.0887 -0.431438 0.0235175
2611 -1.25824 9.99097 -0.492829 0.00602456
2612 -1.2606 9.86529 -0.5661 -0.029394
2613 -1.259 10.0538 -0.490144 0.0155555
2614 -1.26092 9.97826 -0.542168 0.00709642
2615 -1.25836 10.1456 -0.461661 0.0217388
2616 -1.26014 10.0551 -0.517058 0.00439794
2617 -1.25801 10.2136 -0.444405 0.0201504
2618 -1.26003 10.1155 -0.505367 0.00395436
2619 -1.25798 10.2692 -0.435361 0.0221137
2620 -1.26006 10.1672 -0.498529 0.00722757
2621 -1.25807 10.3191 -0.429904 0.024696
2622 -1.26023 10.2155 -0.49458 0.00928759
2623 -1.26273 10.0859 -0.571186 -0.0254446
2624 -1.26074 10.272 -0.492861 0.0210537
2625 -1.26266 10.1949 -0.545977 0.0122476
2626 -1.25997 10.3619 -0.465473 0.0272164
2627 -1.2618 10.2702 -0.522789 0.00813007
2628 -1.25937 10.4273 -0.448875 0.0240736
2629 -1.2612 10.3265 -0.510201 0.00531758
2630 -1.25879 10.4777 -0.438739 0.0240254
2631 -1.26049 10.3709 -0.501031 0.00675474
2632 -1.25818 10.5188 -0.43173 0.0256923
2633 -1.25984 10.4092 -0.494483 0.00889319
2634 -1.25769 10.5565 -0.427139 0.0270608
2635 -1.25939 10.4466 -0.490322 0.00955626
2636 -1.25738 10.5955 -0.42455 0.0269412
2637 -1.25922 10.487 -0.488789 0.00811419
2638 -1.25737 10.6379 -0.424258 0.0255528
2639 -1.25936 10.5312 -0.490341 0.00584528
2640 -1.25755 10.6834 -0.426319 0.0240088
2641 -1.25972 10.5781 -0.494325 0.00430472
2642 -1.25787 10.7299 -0.429953 0.023264
2643 -1.26016 10.6247 -0.499473 0.00436585
2644 -1.2582 10.7747 -0.434578 0.0235906
2645 -1.26052 10.6684 -0.505249 0.00549279
2646 -1.25844 10.8161 -0.439965 0.0238976
2647 -1.26081 10.7086 -0.51133 0.00555097
2648 -1.25867 10.8543 -0.44582 0.0229135
2649 -1.26103 10.7457 -0.517925 0.00386937
2650 -1.25886 10.8898 -0.452898 0.0211777
2651 -1.26129 10.7804 -0.526275 0.00209404
2652 -1.25915 10.9228 -0.461842 0.0195799
2653 -1.26172 10.8131 -0.536399 0.000832795
2654 -1.25955 10.9544 -0.472427 0.0185441
2655 -1.26218 10.845 -0.548114 0.000550549
2656 -1.26 10.9854 -0.484427 0.0182004
2657 -1.26278 10.8767 -0.560986 0.00114997
2658 -1.26056 11.0162 -0.497045 0.0182765
2659 -1.26335 10.9083 -0.573594 0.00215768
2660 -1.26104 11.0473 -0.508566 0.0184383
2661 -1.26377 10.9405 -0.583862 0.00311328
2662 -1.26135 11.0794 -0.51704 0.0184794
2663 -1.26396 10.9737 -0.590034 0.00370576
2664 -1.26146 11.113 -0.521313 0.0185092
2665 -1.26393 11.0077 -0.59182 0.00435221
2666 -1.26141 11.1473 -0.522017 0.0191048
2667 -1.26379 11.0415 -0.590577 0.00577182
2668 -1.26129 11.1811 -0.520571 0.0204113
2669 -1.26355 11.0746 -0.587478 0.00752052
2670 -1.26112 11.2144 -0.517839 0.0216806
2671 -1.26329 11.1072 -0.583528 0.00876516
2672 -1.261 11.2473 -0.51496 0.0225037
2673 -1.26315 11.1394 -0.580072 0.00957925
2674 -1.26101 11.2796 -0.512858 0.0231585
2675 -1.26314 11.171 -0.577623 0.0105837
2676 -1.26112 11.3112 -0.511608 0.0242364
2677 -1.26321 11.2023 -0.575878 0.0122614
2678 -1.26128 11.3431 -0.510734 0.0260071
2679 -1.26339 11.2347 -0.574498 0.0145637
2680 -1.26159 11.3766 -0.510218 0.0283267
2681 -1.26373 11.2692 -0.574002 0.0172755
2682 -1.26202 11.4122 -0.51041 0.0308965
2683 -1.25991 11.5615 -0.439233 0.0356451
2684 -1.26255 11.4323 -0.516103 0.0264442
2685 -1.26106 11.5508 -0.46227 0.0348619
2686 -1.26351 11.425 -0.535187 0.0241407
2687 -1.26228 11.5591 -0.47985 0.0376437
2688 -1.26473 11.4442 -0.549642 0.0280089
2689 -1.26316 11.584 -0.488898 0.0407044
2690 -1.26543 11.4738 -0.555194 0.0302599
2691 -1.26376 11.6163 -0.492506 0.0417257
2692 -1.26597 11.5077 -0.557308 0.0301505
2693 -1.26423 11.6512 -0.493566 0.0412727
2694 -1.26637 11.5431 -0.557161 0.0287897
2695 -1.26459 11.6875 -0.492874 0.0396887
2696 -1.26661 11.58 -0.555393 0.0262094
2697 -1.26478 11.7252 -0.490989 0.0371149
2698 -1.26673 11.6177 -0.552815 0.0229096
2699 -1.26492 11.7631 -0.488655 0.0342407
2700 -1.26682 11.6554 -0.549888 0.0196564
2701 -1.26505 11.801 -0.486263 0.0317147
2702 -1.2669 11.6931 -0.547319 0.0170415
2703 -1.26521 11.8391 -0.484763 0.0299187
2704 -1.26706 11.7311 -0.54638 0.0154019
2705 -1.26542 11.8772 -0.484942 0.0288102
2706 -1.26733 11.7692 -0.54728 0.0144255
2707 -1.26574 11.9153 -0.486545 0.0280347
2708 -1.26767 11.8076 -0.549428 0.0137843
2709 -1.26609 11.9535 -0.488999 0.0274253
2710 -1.26806 11.8461 -0.552202 0.0134177
2711 -1.26646 11.9918 -0.491929 0.0269288
2712 -1.26846 11.8846 -0.555443 0.0133945
2713 -1.26687 12.0296 -0.495472 0.0265965
2714 -1.26887 11.9219 -0.559405 0.0138401
2715 -1.26725 12.0655 -0.499768 0.0264274
2716 -1.2652 12.2138 -0.432488 0.0297452
2717 -1.26757 12.0815 -0.509219 0.0192039
2718 -1.26598 12.1965 -0.458725 0.025621
2719 -1.26801 12.0663 -0.530805 0.0137779
2720 -1.26678 12.1958 -0.480443 0.0240434
2721 -1.26887 12.0759 -0.549691 0.0129067
2722 -1.2674 12.2101 -0.495237 0.0223519
2723 -1.26935 12.0945 -0.561321 0.010521
2724 -1.26788 12.2311 -0.505917 0.019181
2725 -1.26597 12.3745 -0.442275 0.0201542
2726 -1.26841 12.2391 -0.520033 0.00854399
2727 -1.26702 12.3516 -0.472263 0.014303
2728 -1.26918 12.221 -0.544815 0.00140451
2729 -1.26818 12.3503 -0.497032 0.0115515
2730 -1.27039 12.2318 -0.566766 -0.000433944
2731 -1.269 12.3669 -0.512905 0.0112705
2732 -1.26707 12.5097 -0.448948 0.0163068
2733 -1.26949 12.3752 -0.526365 0.00689087
2734 -1.26799 12.4885 -0.477277 0.0151379
2735 -1.27011 12.3592 -0.549107 0.00382801
2736 -1.26899 12.4898 -0.499589 0.0159573
2737 -1.26727 12.6302 -0.438637 0.020109
2738 -1.26987 12.4935 -0.518821 0.00911053
2739 -1.26837 12.6056 -0.469943 0.0164851
2740 -1.27057 12.4754 -0.542786 0.00301651
2741 -1.26944 12.6058 -0.492556 0.0144058
2742 -1.27171 12.4883 -0.562143 0.000771529
2743 -1.27023 12.625 -0.506302 0.0127823
2744 -1.26825 12.7695 -0.441009 0.0161393
2745 -1.27077 12.6359 -0.518845 0.00233588
2746 -1.26922 12.7504 -0.468395 0.0100252
2747 -1.2714 12.6212 -0.540402 -0.00565994
2748 -1.2702 12.7522 -0.489431 0.00668664
2749 -1.27244 12.6342 -0.558593 -0.00855608
2750 -1.27095 12.7701 -0.50264 0.00457093
2751 -1.26891 12.913 -0.437125 0.00927724
2752 -1.27132 12.7773 -0.514206 -0.00508315
2753 -1.26973 12.8899 -0.464105 0.00383251
2754 -1.27175 12.7583 -0.535062 -0.0116253
2755 -1.27053 12.8875 -0.484906 0.00218068
2756 -1.27254 12.7673 -0.552614 -0.0122222
2757 -1.27104 12.9023 -0.497692 0.0023469
2758 -1.26903 13.0448 -0.433433 0.00849074
2759 -1.27121 12.9077 -0.509084 -0.00489579
2760 -1.26966 13.0203 -0.460423 0.00449569
2761 -1.2715 12.8878 -0.530423 -0.0101645
2762 -1.27035 13.0172 -0.481908 0.00379972
2763 -1.27224 12.8964 -0.549088 -0.00955965
2764 -1.27081 13.0314 -0.495914 0.00466879
2765 -1.26887 13.174 -0.433543 0.0102438
2766 -1.27097 13.0365 -0.509066 -0.00209118
2767 -1.26945 13.1488 -0.461737 0.006355
2768 -1.27123 13.0163 -0.531817 -0.00738801
2769 -1.27016 13.1458 -0.48514 0.0049804
2770 -1.27211 13.0257 -0.553212 -0.00806047
2771 -1.27081 13.1611 -0.501993 0.0043976
2772 -1.26904 13.3043 -0.441599 0.00857227
2773 -1.27131 13.1684 -0.519153 -0.00433323
2774 -1.26986 13.2809 -0.472757 0.00319597
2775 -1.27183 13.1503 -0.544833 -0.0113024
2776 -1.27082 13.2802 -0.498823 0.000108759
2777 -1.2692 13.4197 -0.441417 0.00443666
2778 -1.27174 13.2818 -0.522959 -0.00897236
2779 -1.27027 13.3917 -0.476958 -0.000835957
2780 -1.27244 13.2597 -0.551193 -0.0152495
2781 -1.27139 13.3875 -0.504849 -0.00338363
2782 -1.26965 13.5249 -0.446419 0.00202509
2783 -1.27233 13.3864 -0.528964 -0.0104687
2784 -1.2708 13.4949 -0.482107 -0.00162908
2785 -1.27304 13.3628 -0.556772 -0.0148298
2786 -1.27188 13.4896 -0.509251 -0.0023205
2787 -1.27003 13.6261 -0.449418 0.00379335
2788 -1.27268 13.4875 -0.531622 -0.00700792
2789 -1.27107 13.5955 -0.483769 0.00193636
2790 -1.27326 13.4631 -0.557993 -0.00964412
2791 -1.27205 13.5894 -0.509754 0.00261866
2792 -1.27016 13.7254 -0.449506 0.00822022
2793 -1.27279 13.5862 -0.531427 -0.00112262
2794 -1.2712 13.6938 -0.483582 0.00715334
2795 -1.27341 13.5611 -0.557624 -0.00322922
2796 -1.27224 13.6874 -0.509499 0.00788495
2797 -1.27041 13.8238 -0.449573 0.0119258
2798 -1.27309 13.6851 -0.531434 0.00279562
2799 -1.27148 13.7933 -0.483274 0.00981219
2800 -1.27366 13.6615 -0.556674 -0.000846661
2801 -1.27241 13.7887 -0.507706 0.00873597
2802 -1.2705 13.9259 -0.446749 0.0113748
2803 -1.27305 13.7876 -0.527139 0.00120078
2804 -1.27136 13.8963 -0.478106 0.00824793
2805 -1.27339 13.764 -0.549999 -0.00288702
2806 -1.27211 13.8916 -0.500783 0.00729396
2807 -1.27419 13.7724 -0.569212 -0.00371331
2808 -1.27265 13.9069 -0.514823 0.00730108
2809 -1.2706 14.0492 -0.450699 0.0105555
2810 -1.27292 13.9144 -0.527492 -0.000109596
2811 -1.27125 14.0264 -0.477995 0.00684711
2812 -1.27318 13.8964 -0.548443 -0.00506954
2813 -1.27195 14.0258 -0.499209 0.0051595
2814 -1.27006 14.1649 -0.438436 0.00848168
2815 -1.27242 14.0268 -0.516923 -0.00250076
2816 -1.2708 14.1368 -0.468742 0.00500499
2817 -1.27273 14.0045 -0.539856 -0.00708602
2818 -1.27161 14.1328 -0.492306 0.00341022
2819 -1.27364 14.0131 -0.56095 -0.00879401
2820 -1.27224 14.1475 -0.508366 0.00246695
2821 -1.27031 14.2899 -0.446032 0.00614427
2822 -1.27266 14.1544 -0.523291 -0.00593578
2823 -1.27112 14.2665 -0.475116 0.00156781
2824 -1.27313 14.1364 -0.546333 -0.0118122
2825 -1.27204 14.2662 -0.498688 -0.000633757
2826 -1.27034 14.4057 -0.439492 0.00371805
2827 -1.27293 14.2683 -0.519818 -0.00830048
2828 -1.27141 14.3783 -0.472169 -0.000299447
2829 -1.27355 14.2468 -0.544916 -0.0131542
2830 -1.27244 14.3748 -0.497162 -0.00189295
2831 -1.27464 14.256 -0.566751 -0.0141322
2832 -1.27317 14.39 -0.512882 -0.00201404
2833 -1.27113 14.5319 -0.448653 0.00306702
2834 -1.27347 14.3974 -0.525218 -0.00797006
2835 -1.27179 14.5099 -0.475243 3.5271e-005
2836 -1.27372 14.3807 -0.54524 -0.0122581
2837 -1.2725 14.5111 -0.495905 -0.000531994
2838 -1.27455 14.3941 -0.563553 -0.0120729
2839 -1.27305 14.5303 -0.509426 0.000411367
2840 -1.27101 14.674 -0.445723 0.00547255
2841 -1.27333 14.5403 -0.522658 -0.00485009
2842 -1.27164 14.6531 -0.473269 0.00303943
2843 -1.27363 14.5238 -0.544358 -0.00860784
2844 -1.27242 14.6538 -0.496035 0.00257397
2845 -1.27455 14.5365 -0.565297 -0.00872312
2846 -1.27307 14.672 -0.512036 0.00297999
2847 -1.27105 14.8149 -0.449076 0.00722013
2848 -1.27347 14.6809 -0.527687 -0.0032333
2849 -1.27178 14.7926 -0.478702 0.00452719
2850 -1.27384 14.663 -0.551193 -0.00690695
2851 -1.27259 14.792 -0.502862 0.00442411
2852 -1.27476 14.6747 -0.573136 -0.00627799
2853 -1.27321 14.8098 -0.519533 0.00572034
2854 -1.27111 14.9528 -0.456075 0.0100026
2855 -1.27363 14.82 -0.535537 0.000294456
2856 -1.27189 14.9323 -0.486037 0.00723385
2857 -1.27409 14.8042 -0.559403 -0.00381897
2858 -1.27281 14.9333 -0.510225 0.00575723
2859 -1.27088 15.0717 -0.449324 0.00825345
2860 -1.27358 14.9354 -0.531753 -0.00187622
2861 -1.27184 15.0441 -0.482626 0.00417471
2862 -1.27405 14.9135 -0.55669 -0.00682136
2863 -1.27272 15.0403 -0.50735 0.00128791
2864 -1.27494 14.9223 -0.577849 -0.00976825
2865 -1.27328 15.055 -0.522883 -0.000815455
2866 -1.27103 15.1955 -0.457531 0.00191533
2867 -1.27348 15.0614 -0.535957 -0.00788995
2868 -1.27163 15.1718 -0.485344 -0.00109839
2869 -1.27366 15.0426 -0.55699 -0.011434
2870 -1.27233 15.1708 -0.507434 -0.00170072
2871 -1.2704 15.3088 -0.446484 0.0023824
2872 -1.273 15.1719 -0.527619 -0.00629436
2873 -1.27131 15.2803 -0.478765 0.00149525
2874 -1.27345 15.1494 -0.552195 -0.00794723
2875 -1.27227 15.2767 -0.503992 0.00198254
2876 -1.27455 15.1589 -0.574847 -0.00745441
2877 -1.27305 15.2922 -0.520991 0.00319476
2878 -1.27095 15.4334 -0.457034 0.00654379
2879 -1.2735 15.2995 -0.536114 -0.00187958
2880 -1.2717 15.4096 -0.485428 0.005383
2881 -1.27381 15.2803 -0.557311 -0.00345415
2882 -1.27252 15.4084 -0.507718 0.00631562
2883 -1.27062 15.5464 -0.446627 0.00969776
2884 -1.27322 15.4092 -0.527277 0.00274802
2885 -1.27152 15.5173 -0.477969 0.00997879
2886 -1.27363 15.3859 -0.550764 0.00266389
2887 -1.27245 15.5127 -0.502718 0.0114082
2888 -1.27471 15.3944 -0.573285 0.00409522
2889 -1.27322 15.5274 -0.519979 0.0127722
2890 -1.27119 15.6687 -0.456762 0.0138893
2891 -1.27372 15.5351 -0.535878 0.00676334
2892 -1.27196 15.6455 -0.485469 0.0117135
2893 -1.27405 15.517 -0.557124 0.00343516
2894 -1.27278 15.6457 -0.507457 0.0106843
2895 -1.27088 15.7847 -0.446314 0.0120886
2896 -1.27346 15.649 -0.526438 0.00482963
2897 -1.2717 15.7589 -0.476425 0.0108844
2898 -1.27377 15.6292 -0.548256 0.0026458
2899 -1.27253 15.7583 -0.499164 0.0109252
2900 -1.27476 15.6417 -0.568629 0.00239786
2901 -1.27326 15.777 -0.514111 0.0120034
2902 -1.27123 15.9202 -0.449852 0.0145555
2903 -1.27371 15.7873 -0.527927 0.00749118
2904 -1.27194 15.8992 -0.476737 0.0139741
2905 -1.27397 15.7705 -0.547909 0.0055896
2906 -1.27267 15.9003 -0.49794 0.0148346
2907 -1.27481 15.7834 -0.56687 0.00650337
2908 -1.27324 15.9187 -0.511846 0.0161854
2909 -1.27115 16.0618 -0.447483 0.017719
2910 -1.27357 15.9281 -0.525346 0.00977203
2911 -1.27178 16.0399 -0.474691 0.0153413
2912 -1.27383 15.9105 -0.546154 0.00596545
2913 -1.27258 16.04 -0.49694 0.0143078
2914 -1.27478 15.9227 -0.566424 0.00503776
2915 -1.27326 16.0577 -0.512215 0.0141167
2916 -1.27124 16.2004 -0.44846 0.0155696
2917 -1.27371 16.0669 -0.527032 0.00756172
2918 -1.27193 16.1784 -0.476868 0.0136218
2919 -1.27403 16.0493 -0.549072 0.00509745
2920 -1.27281 16.1785 -0.500336 0.0138627
2921 -1.27509 16.0616 -0.570756 0.0058777
2922 -1.27354 16.1961 -0.516765 0.0152106
2923 -1.27148 16.3384 -0.452992 0.0170245
2924 -1.27405 16.2053 -0.532467 0.0106701
2925 -1.27224 16.3162 -0.481703 0.0163343
2926 -1.27437 16.1878 -0.554194 0.00922981
2927 -1.27307 16.3166 -0.504414 0.0171169
2928 -1.27534 16.2005 -0.574505 0.0102542
2929 -1.27371 16.3348 -0.519266 0.0182761
2930 -1.27156 16.4769 -0.454289 0.0186846
2931 -1.27407 16.3442 -0.533037 0.012545
2932 -1.27221 16.4549 -0.481564 0.0168005
2933 -1.27426 16.3264 -0.553361 0.00945484
2934 -1.27291 16.4547 -0.503421 0.0157032
2935 -1.27507 16.3381 -0.572953 0.00812467
2936 -1.27344 16.4719 -0.518252 0.0149818
2937 -1.2713 16.6135 -0.454058 0.0149631
2938 -1.2738 16.4802 -0.533117 0.00831367
2939 -1.272 16.5906 -0.483025 0.0127117
2940 -1.27411 16.4619 -0.555731 0.00525833
2941 -1.27282 16.59 -0.50723 0.0114355
2942 -1.27092 16.728 -0.447272 0.0118583
2943 -1.2736 16.5921 -0.529691 0.00525042
2944 -1.27181 16.7005 -0.480549 0.0102891
2945 -1.27395 16.5709 -0.554374 0.00315454
2946 -1.27263 16.6985 -0.505708 0.00961362
2947 -1.27489 16.5823 -0.576565 0.00225943
2948 -1.27323 16.7163 -0.521865 0.00992297
2949 -1.27101 16.8585 -0.456741 0.0115551
2950 -1.27354 16.7269 -0.535915 0.00616976
2951 -1.27161 16.8385 -0.484265 0.0117014
2952 -1.27369 16.7119 -0.556408 0.00589039
2953 -1.27229 16.8415 -0.505851 0.0131639
2954 -1.27448 16.7271 -0.575776 0.00766727
2955 -1.27277 16.8622 -0.519999 0.0156656
2956 -1.27052 17.005 -0.454327 0.0171673
2957 -1.27309 16.8736 -0.534039 0.013729
2958 -1.27114 16.9845 -0.482265 0.0186542
2959 -1.2733 16.8572 -0.555423 0.0143732
2960 -1.27188 16.9855 -0.505095 0.0206036
2961 -1.27417 16.8701 -0.576096 0.0161142
2962 -1.27245 17.0039 -0.520494 0.0228594
2963 -1.27021 17.1458 -0.455083 0.0228353
2964 -1.27279 17.014 -0.535304 0.0196178
2965 -1.27081 17.1246 -0.483311 0.0236957
2966 -1.27292 16.9974 -0.556501 0.019175
2967 -1.27146 17.1263 -0.505731 0.0248305
2968 -1.27371 17.0114 -0.576665 0.0196066
2969 -1.27196 17.146 -0.520565 0.0260533
2970 -1.26968 17.2888 -0.454838 0.0253995
2971 -1.27226 17.1576 -0.535141 0.0208876
2972 -1.27028 17.2691 -0.482919 0.024824
2973 -1.27242 17.1424 -0.556468 0.0187478
2974 -1.27093 17.2721 -0.505274 0.0248197
2975 -1.2732 17.1576 -0.576535 0.0180468
2976 -1.27139 17.293 -0.519781 0.0250143
2977 -1.26906 17.4362 -0.453246 0.0246955
2978 -1.27161 17.3053 -0.533572 0.0190014
2979 -1.26958 17.4177 -0.480752 0.0236025
2980 -1.27171 17.2916 -0.554268 0.0170012
2981 -1.27018 17.4222 -0.502076 0.0242606
2982 -1.27244 17.3086 -0.572917 0.0179492
2983 -1.27057 17.4451 -0.514774 0.0259637
2984 -1.27264 17.3368 -0.581733 0.0202308
2985 -1.27062 17.4765 -0.520975 0.0277139
2986 -1.26812 17.6233 -0.450918 0.0282962
2987 -1.27061 17.496 -0.529234 0.0245909
2988 -1.26854 17.6115 -0.474239 0.0289044
2989 -1.27068 17.4881 -0.546572 0.0239506
2990 -1.26909 17.621 -0.492527 0.0305918
2991 -1.27133 17.5091 -0.562719 0.0256828
2992 -1.26943 17.6471 -0.503293 0.0324521
2993 -1.27155 17.5395 -0.570256 0.0274325
2994 -1.26955 17.6798 -0.508768 0.0331794
2995 -1.27161 17.5741 -0.574335 0.0274961
2996 -1.26956 17.7156 -0.51188 0.0329498
2997 -1.2716 17.6109 -0.576787 0.0266409
2998 -1.26954 17.7532 -0.513941 0.0320246
2999 -1.27156 17.6489 -0.578639 0.0252711
3000 -1.26945 17.7913 -0.515702 0.0309276
3001 -1.27301 17.5879 -0.623817 0.0188295
3002 -1.27165 17.712 -0.568027 0.0300788
3003 -1.26942 17.8551 -0.493278 0.0211323
3004 -1.27223 17.7262 -0.563844 0.00918483
3005 -1.27042 17.8331 -0.501614 -0.0128929
3006 -1.27323 17.7014 -0.56911 -0.0308978
3007 -1.2721 17.8194 -0.509227 -0.0487545
3008 -1.2753 17.6943 -0.576354 -0.0644373
3009 -1.27425 17.8153 -0.513846 -0.0830728
3010 -1.27765 17.6929 -0.579405 -0.0978827
3011 -1.27669 17.8151 -0.51533 -0.118343
3012 -1.2803 17.6944 -0.579985 -0.132531
3013 -1.27932 17.8177 -0.514885 -0.154111
3014 -1.28289 17.6987 -0.578906 -0.167436
3015 -1.28188 17.8232 -0.512872 -0.190118
3016 -1.28549 17.7058 -0.576483 -0.202584
3017 -1.28429 17.8312 -0.509692 -0.226317
3018 -1.28785 17.7146 -0.573429 -0.237775
3019 -1.28649 17.8397 -0.506445 -0.26239
3020 -1.29003 17.7224 -0.571163 -0.272462
3021 -1.28868 17.8454 -0.504903 -0.297597
3022 -1.29239 17.7258 -0.571659 -0.305591
3023 -1.29098 17.8445 -0.507263 -0.330921
3024 -1.2948 17.721 -0.577005 -0.336157
3025 -1.29335 17.8342 -0.515276 -0.361809
3026 -1.29729 17.7068 -0.588193 -0.364126
3027 -1.2958 17.8148 -0.528911 -0.39062
3028 -1.29391 17.9281 -0.46277 -0.423043
3029 -1.29874 17.7759 -0.553711 -0.417463
3030 -1.29724 17.8532 -0.503081 -0.444117
3031 -1.30165 17.705 -0.587493 -0.437902
3032 -1.3004 17.7986 -0.536712 -0.467208
3033 -1.29852 17.9049 -0.474574 -0.501881
3034 -1.30355 17.7545 -0.566706 -0.489888
3035 -1.30158 17.8326 -0.511706 -0.519374
3036 -1.30572 17.6937 -0.590906 -0.507902
3037 -1.30372 17.794 -0.531689 -0.543209
3038 -1.30123 17.9112 -0.461256 -0.584229
3039 -1.30571 17.7752 -0.544774 -0.569531
3040 -1.30293 17.866 -0.480118 -0.604875
3041 -1.30652 17.7413 -0.551167 -0.592022
3042 -1.304 17.8542 -0.484265 -0.636001
3043 -1.30752 17.7455 -0.550404 -0.627529
3044 -1.30445 17.8686 -0.476359 -0.674618
3045 -1.30768 17.7681 -0.538412 -0.667969
3046 -1.3044 17.8969 -0.460624 -0.719192
3047 -1.30755 17.801 -0.521125 -0.714847
3048 -1.30397 17.9342 -0.440961 -0.768255
3049 -1.30696 17.8412 -0.501004 -0.765718
3050 -1.30961 17.7205 -0.563585 -0.764075
3051 -1.30638 17.8945 -0.479117 -0.814903
3052 -1.30889 17.8314 -0.526654 -0.819255
3053 -1.31098 17.7342 -0.578984 -0.827268
3054 -1.30649 17.9199 -0.479466 -0.883897
3055 -1.30851 17.8653 -0.51948 -0.894873
3056 -1.31036 17.774 -0.56845 -0.910356
3057 -1.30553 17.9675 -0.463839 -0.962831
3058 -1.30729 17.9162 -0.503092 -0.976171
3059 -1.30905 17.8267 -0.55337 -0.997096
3060 -1.30371 18.0235 -0.442964 -1.04281
3061 -1.30532 17.9716 -0.482015 -1.0577
3062 -1.30711 17.8814 -0.534485 -1.08313
3063 -1.30865 17.8087 -0.580645 -1.11023
3064 -1.30274 18.0356 -0.460034 -1.13463
3065 -1.30397 18.0005 -0.493973 -1.1481
3066 -1.30559 17.9224 -0.543149 -1.17798
3067 -1.30694 17.8576 -0.586614 -1.21085
3068 -1.30807 17.8147 -0.622122 -1.24313
3069 -1.30073 18.0591 -0.482036 -1.25354
3070 -1.30147 18.0371 -0.508808 -1.26636
3071 -1.30286 17.9692 -0.554709 -1.29903
3072 -1.30413 17.9112 -0.59717 -1.33619
3073 -1.30525 17.8725 -0.633351 -1.37301
3074 -1.29681 18.1124 -0.482683 -1.3772
3075 -1.29752 18.0897 -0.510719 -1.38985
3076 -1.29915 18.0209 -0.560852 -1.4233
3077 -1.3008 17.9617 -0.608824 -1.46175
3078 -1.30234 17.9215 -0.65104 -1.49985
3079 -1.30386 17.8968 -0.688954 -1.53682
3080 -1.29432 18.1333 -0.527436 -1.52309
3081 -1.29524 18.1133 -0.555744 -1.52715
3082 -1.29704 18.0475 -0.607839 -1.55492
3083 -1.29893 17.9913 -0.658373 -1.5904
3084 -1.30073 17.9538 -0.703115 -1.62704
3085 -1.30243 17.9311 -0.743122 -1.66289
3086 -1.29154 18.1506 -0.569103 -1.65492
3087 -1.29222 18.1292 -0.595746 -1.65555
3088 -1.29412 18.0643 -0.648829 -1.67632
3089 -1.29622 18.0095 -0.701703 -1.70499
3090 -1.29835 17.9727 -0.749804 -1.73573
3091 -1.28692 18.1689 -0.574764 -1.74849
3092 -1.2881 18.1412 -0.609127 -1.75213
3093 -1.29067 18.0732 -0.671385 -1.76942
3094 -1.29342 18.0158 -0.732871 -1.79222
3095 -1.29626 17.9766 -0.788561 -1.81656
3096 -1.28431 18.1571 -0.612026 -1.83655
3097 -1.2858 18.1289 -0.649591 -1.83582
3098 -1.28876 18.0633 -0.715621 -1.84557
3099 -1.29206 18.0092 -0.780296 -1.86084
3100 -1.27984 18.1701 -0.604511 -1.89366
3101 -1.28172 18.1389 -0.647032 -1.89245
3102 -1.28517 18.074 -0.717359 -1.89805
3103 -1.28875 18.0213 -0.783097 -1.90808
3104 -1.27614 18.1776 -0.601132 -1.94818
3105 -1.27784 18.147 -0.638435 -1.94592
3106 -1.28108 18.0828 -0.703739 -1.94971
3107 -1.28436 18.0302 -0.764126 -1.95846
3108 -1.27184 18.1875 -0.579441 -2.01021
3109 -1.27323 18.1543 -0.612467 -2.01297
3110 -1.27618 18.0868 -0.673783 -2.02068
3111 -1.2792 18.0307 -0.730195 -2.03262
3112 -1.28169 17.9923 -0.77563 -2.04801
3113 -1.26932 18.1689 -0.58483 -2.10325
3114 -1.26983 18.1395 -0.605075 -2.11161
3115 -1.27186 18.0715 -0.653527 -2.12667
3116 -1.27397 18.0135 -0.699081 -2.14684
3117 -1.27581 17.9733 -0.735819 -2.17117
3118 -1.26448 18.1682 -0.548199 -2.21783
3119 -1.26478 18.1387 -0.563759 -2.23015
3120 -1.26661 18.0688 -0.607714 -2.2541
3121 -1.26864 18.0095 -0.651009 -2.28458
3122 -1.27058 17.9682 -0.687892 -2.3189
3123 -1.27232 17.9402 -0.719004 -2.35582
3124 -1.26205 18.159 -0.532754 -2.36802
3125 -1.2624 18.1321 -0.546164 -2.37623
3126 -1.26429 18.0625 -0.591543 -2.40548
3127 -1.26664 18.0024 -0.639469 -2.44381
3128 -1.26898 17.9593 -0.682348 -2.48466
3129 -1.2713 17.9288 -0.719478 -2.52482
3130 -1.26136 18.1518 -0.536785 -2.5113
3131 -1.26268 18.1244 -0.562777 -2.52285
3132 -1.26557 18.0541 -0.620676 -2.55939
3133 -1.26858 17.9902 -0.676121 -2.60207
3134 -1.27116 17.9418 -0.722126 -2.64434
3135 -1.26032 18.1452 -0.53582 -2.62363
3136 -1.26176 18.11 -0.56613 -2.6455
3137 -1.26505 18.037 -0.628332 -2.69263
3138 -1.26814 17.9734 -0.685741 -2.74053
3139 -1.2707 17.9271 -0.732321 -2.78312
3140 -1.25917 18.1268 -0.540711 -2.7406
3141 -1.26129 18.0993 -0.575888 -2.75536
3142 -1.26542 18.0381 -0.645778 -2.79918
3143 -1.26925 17.9844 -0.70978 -2.84492
3144 -1.27234 17.9453 -0.761369 -2.88542
3145 -1.25996 18.1355 -0.561989 -2.84238
3146 -1.2618 18.1077 -0.595306 -2.85722
3147 -1.26604 18.0493 -0.666478 -2.90187
3148 -1.27015 17.9994 -0.733727 -2.94919
3149 -1.2738 17.9646 -0.788991 -2.99176
3150 -1.26041 18.1443 -0.582336 -2.95136
3151 -1.26205 18.1171 -0.613379 -2.96813
3152 -1.26661 18.0641 -0.685015 -3.01409
3153 -1.27122 18.0211 -0.7536 -3.06234
3154 -1.27507 17.9925 -0.809732 -3.10504
3155 -1.26112 18.1648 -0.598512 -3.06256
3156 -1.26274 18.1358 -0.627781 -3.07691
3157 -1.26736 18.0829 -0.699579 -3.11982
3158 -1.27216 18.0415 -0.769938 -3.16467
3159 -1.27647 18.0149 -0.828461 -3.2039
3160 -1.26292 18.1813 -0.621744 -3.16838
3161 -1.26455 18.151 -0.651272 -3.17842
3162 -1.26919 18.0967 -0.721022 -3.21455
3163 -1.27404 18.0555 -0.789329 -3.25305
3164 -1.27837 18.0305 -0.846893 -3.2869
3165 -1.26517 18.1938 -0.642327 -3.26669
3166 -1.26696 18.1642 -0.670226 -3.27507
3167 -1.27129 18.1094 -0.735829 -3.30573
3168 -1.27602 18.0677 -0.800004 -3.33964
3169 -1.28031 18.0427 -0.854228 -3.37081
3170 -1.26655 18.1995 -0.644639 -3.3673
3171 -1.26763 18.1654 -0.663385 -3.37675
3172 -1.27118 18.1048 -0.719098 -3.4041
3173 -1.27512 18.0581 -0.77505 -3.43394
3174 -1.27894 18.0287 -0.823039 -3.46132
3175 -1.26562 18.1891 -0.614681 -3.4624
3176 -1.26641 18.1529 -0.630412 -3.46794
3177 -1.26954 18.0886 -0.682562 -3.48908
3178 -1.2733 18.0383 -0.735768 -3.51242
3179 -1.27689 18.0061 -0.781924 -3.53389
3180 -1.26458 18.177 -0.581174 -3.54239
3181 -1.26564 18.1431 -0.597218 -3.54555
3182 -1.26875 18.0782 -0.647128 -3.563
3183 -1.27219 18.026 -0.696935 -3.58364
3184 -1.27541 17.9909 -0.738734 -3.60417
3185 -1.27836 17.9681 -0.772081 -3.62472
3186 -1.26572 18.1486 -0.562651 -3.63994
3187 -1.26511 18.1121 -0.55964 -3.64351
3188 -1.26655 18.0419 -0.592008 -3.66275
3189 -1.26881 17.9848 -0.628079 -3.68715
3190 -1.27106 17.9459 -0.658893 -3.71267
3191 -1.27305 17.9199 -0.68316 -3.73862
3192 -1.26282 18.1322 -0.492218 -3.74653
3193 -1.26297 18.1021 -0.495707 -3.75399
3194 -1.26495 18.0332 -0.53364 -3.78112
3195 -1.26747 17.9758 -0.574484 -3.81301
3196 -1.26996 17.9365 -0.609343 -3.84413
3197 -1.27217 17.9108 -0.637523 -3.87363
3198 -1.27422 17.8934 -0.660235 -3.90138
3199 -1.26493 18.1248 -0.47449 -3.88549
3200 -1.26517 18.1007 -0.479535 -3.88548
3201 -1.26727 18.0361 -0.520161 -3.90981
3202 -1.26995 17.9826 -0.564875 -3.93981
3203 -1.27274 17.9475 -0.604177 -3.96849
3204 -1.27525 17.9258 -0.636837 -3.99483
3205 -1.27744 17.9123 -0.664081 -4.01913
3206 -1.27934 17.9036 -0.687666 -4.04178
3207 -1.26886 18.1356 -0.494427 -4.02638
3208 -1.26897 18.1158 -0.50009 -4.02381
3209 -1.27121 18.0555 -0.544302 -4.04665
3210 -1.27408 18.0051 -0.593338 -4.0769
3211 -1.2769 17.9716 -0.637686 -4.1078
3212 -1.27954 17.9509 -0.676302 -4.13786
3213 -1.28191 17.938 -0.710272 -4.16654
3214 -1.27 18.1551 -0.507293 -4.15555
3215 -1.27029 18.1322 -0.519845 -4.16346
3216 -1.27306 18.0728 -0.573506 -4.19717
3217 -1.27626 18.0232 -0.629281 -4.23652
3218 -1.27913 17.9902 -0.67707 -4.27417
3219 -1.28172 17.9699 -0.716544 -4.30861
3220 -1.28386 17.9575 -0.749444 -4.33966
3221 -1.26968 18.1598 -0.527946 -4.31178
3222 -1.26883 18.1302 -0.532165 -4.31281
3223 -1.27097 18.0687 -0.582295 -4.34134
3224 -1.27403 18.0203 -0.637561 -4.37541
3225 -1.27696 17.9888 -0.686661 -4.40784
3226 -1.27948 17.9687 -0.728305 -4.43743
3227 -1.26607 18.1631 -0.518799 -4.4244
3228 -1.26601 18.131 -0.534629 -4.42674
3229 -1.26917 18.0686 -0.596187 -4.45332
3230 -1.27288 18.0188 -0.66045 -4.48506
3231 -1.27628 17.9858 -0.716304 -4.51513
3232 -1.27922 17.9647 -0.763682 -4.54217
3233 -1.26582 18.1518 -0.55526 -4.5321
3234 -1.26623 18.1193 -0.575454 -4.53296
3235 -1.26975 18.058 -0.641322 -4.55706
3236 -1.27373 18.0091 -0.708981 -4.58616
3237 -1.27754 17.9768 -0.767966 -4.6136
3238 -1.26479 18.1535 -0.570081 -4.62077
3239 -1.26584 18.1169 -0.59915 -4.62782
3240 -1.26977 18.0525 -0.670736 -4.65427
3241 -1.27415 18.0005 -0.741747 -4.68404
3242 -1.27814 17.9656 -0.802921 -4.71129
3243 -1.26531 18.1372 -0.605665 -4.71583
3244 -1.26643 18.0983 -0.633916 -4.72006
3245 -1.27031 18.0323 -0.703004 -4.74364
3246 -1.27453 17.9797 -0.771535 -4.77046
3247 -1.26301 18.1444 -0.589386 -4.79031
3248 -1.26487 18.1012 -0.626046 -4.7969
3249 -1.26916 18.031 -0.699846 -4.81855
3250 -1.27354 17.974 -0.770337 -4.84191
3251 -1.26241 18.1358 -0.590011 -4.86112
3252 -1.26417 18.0897 -0.625473 -4.864
3253 -1.26836 18.0167 -0.69796 -4.88208
3254 -1.27265 17.9576 -0.767389 -4.90276
3255 -1.26201 18.1217 -0.591377 -4.92805
3256 -1.26393 18.0764 -0.627521 -4.93115
3257 -1.2682 18.0036 -0.70001 -4.94815
3258 -1.27256 17.9444 -0.768707 -4.96772
3259 -1.26205 18.1108 -0.593349 -4.99572
3260 -1.26393 18.0671 -0.628243 -4.99828
3261 -1.26821 17.9959 -0.699591 -5.01432
3262 -1.27252 17.9381 -0.766929 -5.03347
3263 -1.26207 18.1074 -0.590755 -5.06501
3264 -1.2639 18.0656 -0.623832 -5.06884
3265 -1.26813 17.9957 -0.693816 -5.08609
3266 -1.27236 17.9389 -0.759989 -5.10678
3267 -1.26186 18.1116 -0.58188 -5.13913
3268 -1.26362 18.0711 -0.61334 -5.14389
3269 -1.26786 18.0019 -0.682351 -5.16231
3270 -1.27216 17.9456 -0.74784 -5.18409
3271 -1.26164 18.122 -0.567498 -5.2148
3272 -1.26348 18.0829 -0.598321 -5.2192
3273 -1.26781 18.0145 -0.66732 -5.23807
3274 -1.27217 17.9583 -0.732817 -5.26052
3275 -1.26159 18.137 -0.550236 -5.29118
3276 -1.26352 18.0989 -0.580708 -5.29594
3277 -1.2679 18.0307 -0.649418 -5.31567
3278 -1.27227 17.9745 -0.714113 -5.33902
3279 -1.26159 18.1565 -0.52879 -5.36991
3280 -1.26342 18.1205 -0.55758 -5.37418
3281 -1.26766 18.0542 -0.624151 -5.39345
3282 -1.27185 17.9998 -0.686337 -5.4162
3283 -1.27541 17.9626 -0.734371 -5.43764
3284 -1.26358 18.1639 -0.53171 -5.45859
3285 -1.26466 18.1409 -0.548392 -5.45622
3286 -1.26821 18.084 -0.604856 -5.47135
3287 -1.27203 18.0368 -0.659639 -5.4919
3288 -1.27523 18.0054 -0.702895 -5.51233
3289 -1.2778 17.9867 -0.735598 -5.53126
3290 -1.26477 18.1935 -0.519434 -5.56278
3291 -1.26526 18.1761 -0.526867 -5.55984
3292 -1.26847 18.123 -0.577692 -5.57291
3293 -1.272 18.0786 -0.629919 -5.59219
3294 -1.27514 18.0494 -0.672895 -5.61235
3295 -1.27792 18.032 -0.706822 -5.63184
3296 -1.28026 18.0221 -0.734285 -5.65019
3297 -1.266 18.2195 -0.507299 -5.69431
3298 -1.26547 18.1967 -0.506573 -5.69204
3299 -1.26827 18.1407 -0.55388 -5.70297
3300 -1.27176 18.0965 -0.606134 -5.71975
3301 -1.27505 18.0689 -0.651522 -5.73838
3302 -1.27791 18.053 -0.689162 -5.75784
3303 -1.28049 18.0434 -0.720637 -5.77763
3304 -1.28269 18.0371 -0.747659 -5.79731
3305 -1.26737 18.2236 -0.514512 -5.85012
3306 -1.26613 18.1953 -0.509483 -5.85097
3307 -1.2686 18.1363 -0.556039 -5.86394
3308 -1.27211 18.0917 -0.610698 -5.88263
3309 -1.27566 18.0647 -0.660912 -5.90345
3310 -1.27888 18.0488 -0.704593 -5.92523
3311 -1.28182 18.038 -0.742146 -5.94722
3312 -1.2843 18.0293 -0.774689 -5.96884
3313 -1.26835 18.2098 -0.538708 -6.01128
3314 -1.26692 18.176 -0.534828 -6.01085
3315 -1.26943 18.1129 -0.584573 -6.02503
3316 -1.27306 18.0654 -0.642936 -6.04469
3317 -1.27674 18.0363 -0.696197 -6.06526
3318 -1.27997 18.0191 -0.7416 -6.08553
3319 -1.26563 18.2016 -0.521641 -6.12997
3320 -1.26559 18.1707 -0.532648 -6.13061
3321 -1.26903 18.1105 -0.593685 -6.14506
3322 -1.27314 18.0626 -0.658341 -6.16513
3323 -1.277 18.031 -0.714038 -6.18647
3324 -1.28028 18.0103 -0.76007 -6.20769
3325 -1.26558 18.1876 -0.539021 -6.25068
3326 -1.26517 18.1525 -0.547811 -6.25159
3327 -1.26845 18.0892 -0.606886 -6.26587
3328 -1.27247 18.0396 -0.670262 -6.28519
3329 -1.27615 18.0067 -0.724987 -6.30535
3330 -1.26326 18.1854 -0.521285 -6.354
3331 -1.26397 18.1516 -0.541018 -6.35514
3332 -1.26788 18.0888 -0.607647 -6.36782
3333 -1.27224 18.0381 -0.675369 -6.38509
3334 -1.27626 18.003 -0.732185 -6.40295
3335 -1.26331 18.1778 -0.528913 -6.44921
3336 -1.264 18.1423 -0.548851 -6.44697
3337 -1.26821 18.079 -0.616497 -6.45638
3338 -1.27285 18.0283 -0.685316 -6.47093
3339 -1.27693 17.9935 -0.743073 -6.48684
3340 -1.26405 18.165 -0.541844 -6.53924
3341 -1.26502 18.1294 -0.563189 -6.54081
3342 -1.26934 18.0672 -0.632113 -6.55362
3343 -1.27406 18.0175 -0.70144 -6.5718
3344 -1.2784 17.9837 -0.759294 -6.59186
3345 -1.26534 18.1536 -0.554526 -6.64491
3346 -1.26625 18.1174 -0.575021 -6.65292
3347 -1.2706 18.0558 -0.643905 -6.67287
3348 -1.2755 18.007 -0.712984 -6.69748
3349 -1.27976 17.9738 -0.770125 -6.72301
3350 -1.26605 18.1442 -0.557946 -6.7646
3351 -1.26692 18.107 -0.57639 -6.77378
3352 -1.27139 18.0453 -0.644656 -6.79652
3353 -1.27622 17.9965 -0.713341 -6.82292
3354 -1.28037 17.9632 -0.769838 -6.84867
3355 -1.26649 18.1356 -0.554523 -6.87756
3356 -1.26727 18.0992 -0.572446 -6.88195
3357 -1.27165 18.0389 -0.640274 -6.90097
3358 -1.27655 17.9917 -0.708024 -6.92368
3359 -1.28074 17.9602 -0.763316 -6.94553
3360 -1.2667 18.1325 -0.546649 -6.97496
3361 -1.2673 18.0967 -0.563459 -6.97865
3362 -1.27172 18.0374 -0.630462 -6.99606
3363 -1.27648 17.9907 -0.697195 -7.01679
3364 -1.28052 17.9596 -0.751478 -7.03652
3365 -1.26625 18.1304 -0.533326 -7.07127
3366 -1.26686 18.0936 -0.54936 -7.07728
3367 -1.27117 18.0342 -0.616163 -7.0949
3368 -1.27577 17.9875 -0.68249 -7.11471
3369 -1.27969 17.9563 -0.736261 -7.13302
3370 -1.26559 18.1275 -0.518198 -7.17102
3371 -1.2663 18.0908 -0.535609 -7.17803
3372 -1.27078 18.032 -0.604241 -7.19501
3373 -1.27553 17.9854 -0.671804 -7.21333
3374 -1.27971 17.9541 -0.726155 -7.22958
3375 -1.26564 18.1246 -0.507545 -7.26912
3376 -1.26648 18.088 -0.52598 -7.27503
3377 -1.2711 18.0297 -0.595912 -7.28971
3378 -1.27605 17.983 -0.664209 -7.30543
3379 -1.28018 17.9514 -0.718823 -7.31897
3380 -1.2661 18.1214 -0.5014 -7.3622
3381 -1.26698 18.085 -0.521325 -7.36758
3382 -1.27185 18.0271 -0.592803 -7.38062
3383 -1.27683 17.9807 -0.662069 -7.39454
3384 -1.28095 17.9493 -0.71696 -7.40638
3385 -1.26693 18.1191 -0.500629 -7.45329
3386 -1.26786 18.0828 -0.519755 -7.4583
3387 -1.27251 18.0249 -0.589645 -7.47058
3388 -1.27724 17.9785 -0.656864 -7.48403
3389 -1.28104 17.9469 -0.709482 -7.49585
3390 -1.26714 18.1184 -0.495388 -7.54808
3391 -1.26783 18.0819 -0.513013 -7.55483
3392 -1.27219 18.0227 -0.581169 -7.56838
3393 -1.27667 17.9745 -0.647263 -7.58301
3394 -1.28035 17.9413 -0.699648 -7.59603
3395 -1.26712 18.116 -0.490678 -7.64924
3396 -1.26799 18.0801 -0.510843 -7.65628
3397 -1.2725 18.0202 -0.581241 -7.67008
3398 -1.27711 17.9715 -0.649621 -7.6851
3399 -1.28092 17.9381 -0.704404 -7.69849
3400 -1.26772 18.1134 -0.496382 -7.74875
3401 -1.2686 18.0776 -0.517326 -7.75465
3402 -1.27304 18.0177 -0.587841 -7.76783
3403 -1.27753 17.9691 -0.655932 -7.78255
3404 -1.28121 17.9359 -0.71013 -7.79579
3405 -1.26802 18.1113 -0.503426 -7.84698
3406 -1.26869 18.0754 -0.522695 -7.8537
3407 -1.27286 18.0153 -0.590628 -7.868
3408 -1.27714 17.967 -0.656629 -7.88371
3409 -1.28088 17.9345 -0.709672 -7.89778
3410 -1.26805 18.113 -0.506782 -7.94954
3411 -1.26886 18.0796 -0.52786 -7.9567
3412 -1.27311 18.0212 -0.59704 -7.97172
3413 -1.27749 17.9741 -0.664527 -7.98765
3414 -1.28134 17.9427 -0.719472 -8.00143
3415 -1.26818 18.1187 -0.514145 -8.04985
3416 -1.26898 18.0846 -0.536167 -8.05638
3417 -1.27327 18.0261 -0.606875 -8.07187
3418 -1.27789 17.9789 -0.675911 -8.08831
3419 -1.28176 17.9471 -0.732008 -8.1026
3420 -1.26803 18.1179 -0.521788 -8.14902
3421 -1.26853 18.0803 -0.541518 -8.15654
3422 -1.27282 18.0195 -0.610995 -8.17385
3423 -1.27731 17.9706 -0.679458 -8.19214
3424 -1.28109 17.937 -0.735039 -8.20836
3425 -1.26711 18.1077 -0.522572 -8.25151
3426 -1.26754 18.0682 -0.540286 -8.25898
3427 -1.27159 18.0055 -0.608175 -8.27633
3428 -1.27593 17.9551 -0.675321 -8.29455
3429 -1.26404 18.1259 -0.485655 -8.34413
3430 -1.26546 18.0845 -0.515577 -8.35075
3431 -1.27012 18.0194 -0.591127 -8.36503
3432 -1.27479 17.9668 -0.662614 -8.38031
3433 -1.27859 17.9309 -0.719356 -8.3942
3434 -1.26507 18.1062 -0.507692 -8.43209
3435 -1.26563 18.0696 -0.526189 -8.43562
3436 -1.26993 18.0104 -0.595538 -8.44945
3437 -1.2745 17.964 -0.664496 -8.46528
3438 -1.27856 17.9335 -0.720811 -8.48002
3439 -1.265 18.1096 -0.509381 -8.52639
3440 -1.26566 18.0751 -0.528831 -8.53337
3441 -1.27003 18.0178 -0.598893 -8.54827
3442 -1.27478 17.9726 -0.667944 -8.56399
3443 -1.27878 17.9429 -0.723794 -8.57796
3444 -1.26473 18.1164 -0.508341 -8.62345
3445 -1.26512 18.0813 -0.525186 -8.62748
3446 -1.26942 18.0239 -0.592977 -8.63909
3447 -1.27393 17.9787 -0.659796 -8.65195
3448 -1.27769 17.9486 -0.713438 -8.66366
3449 -1.26365 18.1206 -0.498264 -8.71658
3450 -1.26416 18.0852 -0.515183 -8.72204
3451 -1.26849 18.0276 -0.584181 -8.73338
3452 -1.27306 17.9817 -0.652291 -8.74602
3453 -1.27683 17.9504 -0.707192 -8.75778
3454 -1.26292 18.1205 -0.493779 -8.81594
3455 -1.26363 18.0852 -0.514493 -8.82312
3456 -1.26818 18.0284 -0.587683 -8.83454
3457 -1.2729 17.9829 -0.658967 -8.84703
3458 -1.27686 17.9518 -0.715966 -8.8587
3459 -1.26259 18.1187 -0.501236 -8.91726
3460 -1.26333 18.0837 -0.524159 -8.92428
3461 -1.26799 18.0279 -0.5997 -8.9348
3462 -1.27289 17.9831 -0.672828 -8.94637
3463 -1.2769 17.9524 -0.731323 -8.95719
3464 -1.26256 18.1164 -0.517849 -9.01561
3465 -1.26345 18.0815 -0.542782 -9.0221
3466 -1.26837 18.0268 -0.619299 -9.03231
3467 -1.27334 17.9831 -0.692479 -9.04358
3468 -1.26076 18.1427 -0.498843 -9.10844
3469 -1.26257 18.1049 -0.534797 -9.11618
3470 -1.268 18.047 -0.617834 -9.12645
3471 -1.27318 17.9999 -0.69426 -9.13708
3472 -1.27724 17.967 -0.753477 -9.14644
3473 -1.26224 18.1217 -0.534731 -9.20145
3474 -1.26325 18.0839 -0.559905 -9.20881
3475 -1.26826 18.0285 -0.637148 -9.22095
3476 -1.27323 17.9842 -0.710627 -9.23333
3477 -1.26047 18.1399 -0.516418 -9.29548
3478 -1.26265 18.102 -0.555068 -9.30378
3479 -1.26837 18.0449 -0.640788 -9.31544
3480 -1.27371 17.9982 -0.718986 -9.32695
3481 -1.26022 18.1462 -0.518737 -9.38262
3482 -1.2622 18.1053 -0.555754 -9.38838
3483 -1.26786 18.0478 -0.640872 -9.39876
3484 -1.27318 18.0015 -0.718415 -9.40954
3485 -1.25949 18.1492 -0.515685 -9.46576
3486 -1.26143 18.1096 -0.551651 -9.47252
3487 -1.26709 18.0537 -0.63618 -9.48375
3488 -1.27237 18.0088 -0.712889 -9.49524
3489 -1.27637 17.9776 -0.770799 -9.50499
3490 -1.26044 18.1273 -0.541268 -9.55649
3491 -1.26139 18.0933 -0.564119 -9.56379
3492 -1.26654 18.0441 -0.641065 -9.57664
3493 -1.27154 18.005 -0.71357 -9.59006
3494 -1.27556 17.9783 -0.769169 -9.60134
3495 -1.25929 18.1293 -0.535949 -9.65613
3496 -1.2601 18.0968 -0.557764 -9.66396
3497 -1.26518 18.0484 -0.634472 -9.67572
3498 -1.2703 18.0094 -0.706577 -9.68779
3499 -1.27417 17.9822 -0.761161 -9.69754
3500 -1.25744 18.1311 -0.522696 -9.75159
3501 -1.25795 18.0958 -0.540213 -9.75557
3502 -1.26278 18.0445 -0.61335 -9.76259
3503 -1.26755 18.0027 -0.6826 -9.77059
3504 -1.27111 17.9728 -0.734941 -9.77727
3505 -1.25519 18.1249 -0.502946 -9.83954
3506 -1.25564 18.0881 -0.520952 -9.84442
3507 -1.26038 18.0344 -0.59453 -9.85026
3508 -1.26525 17.9901 -0.66459 -9.85695
3509 -1.26899 17.9579 -0.718069 -9.86289
3510 -1.25383 18.113 -0.493923 -9.93115
3511 -1.2545 18.0757 -0.514817 -9.93626
3512 -1.25956 18.021 -0.590643 -9.94033
3513 -1.26457 17.9757 -0.662924 -9.94511
3514 -1.26849 17.9425 -0.718829 -9.94964
3515 -1.25375 18.0968 -0.498233 -10.0216
3516 -1.25476 18.0589 -0.521726 -10.0263
3517 -1.26001 18.0041 -0.600313 -10.0282
3518 -1.26523 17.9587 -0.675275 -10.0311
3519 -1.25251 18.11 -0.477821 -10.1087
3520 -1.25457 18.0684 -0.514365 -10.1127
3521 -1.26051 18.0098 -0.601689 -10.112
3522 -1.26629 17.9609 -0.681896 -10.1126
3523 -1.25311 18.1055 -0.481043 -10.189
3524 -1.25511 18.0609 -0.517774 -10.1918
3525 -1.26108 18.0016 -0.605614 -10.1898
3526 -1.2669 17.9529 -0.686049 -10.1897
3527 -1.25393 18.0998 -0.487267 -10.2661
3528 -1.25609 18.0578 -0.524915 -10.2685
3529 -1.2623 18.0007 -0.613047 -10.2665
3530 -1.26819 17.9544 -0.693864 -10.2665
3531 -1.25527 18.1025 -0.495226 -10.3414
3532 -1.2575 18.0623 -0.533474 -10.3433
3533 -1.26382 18.0069 -0.622013 -10.3414
3534 -1.2698 17.9624 -0.703274 -10.3416
3535 -1.25673 18.1091 -0.503416 -10.416
3536 -1.25898 18.0689 -0.541279 -10.4184
3537 -1.26527 18.0136 -0.629115 -10.418
3538 -1.27125 17.9693 -0.709693 -10.4194
3539 -1.2582 18.1153 -0.510029 -10.4933
3540 -1.2604 18.0745 -0.547288 -10.4964
3541 -1.2666 18.018 -0.634079 -10.498
3542 -1.27247 17.9724 -0.713672 -10.5013
3543 -1.25938 18.1179 -0.514082 -10.5739
3544 -1.26143 18.0755 -0.550038 -10.5774
3545 -1.26739 18.0167 -0.635136 -10.5806
3546 -1.27303 17.9687 -0.71282 -10.5853
3547 -1.25985 18.1142 -0.512584 -10.6564
3548 -1.26164 18.07 -0.546122 -10.66
3549 -1.26729 18.0088 -0.6287 -10.664
3550 -1.27258 17.9583 -0.70397 -10.6695
3551 -1.25964 18.1068 -0.506275 -10.7406
3552 -1.26132 18.0625 -0.539574 -10.7449
3553 -1.26688 18.0002 -0.621971 -10.7499
3554 -1.2721 17.9483 -0.697332 -10.7564
3555 -1.2595 18.0999 -0.502877 -10.8259
3556 -1.26135 18.0566 -0.537958 -10.8301
3557 -1.26703 17.9948 -0.62181 -10.8352
3558 -1.27234 17.9434 -0.698274 -10.8419
3559 -1.25975 18.0964 -0.503753 -10.9092
3560 -1.26163 18.0544 -0.539265 -10.9127
3561 -1.26733 17.9939 -0.623245 -10.9174
3562 -1.27266 17.944 -0.699482 -10.9238
3563 -1.25985 18.0973 -0.502576 -10.9899
3564 -1.26158 18.0558 -0.536575 -10.9926
3565 -1.26715 17.9961 -0.619314 -10.9961
3566 -1.27233 17.9471 -0.694566 -11.0011
3567 -1.25933 18.1001 -0.496066 -11.0683
3568 -1.2609 18.0581 -0.529097 -11.0706
3569 -1.26636 17.9984 -0.611551 -11.0729
3570 -1.27148 17.9493 -0.68682 -11.0767
3571 -1.25831 18.1005 -0.487852 -11.1475
3572 -1.25993 18.0568 -0.521052 -11.1511
3573 -1.26535 17.996 -0.604329 -11.1537
3574 -1.27043 17.9455 -0.680488 -11.1578
3575 -1.25726 18.0955 -0.482633 -11.2316
3576 -1.25888 18.0503 -0.517178 -11.2371
3577 -1.26436 17.9885 -0.602008 -11.2406
3578 -1.26946 17.9371 -0.679376 -11.2456
3579 -1.25629 18.0878 -0.481681 -11.3185
3580 -1.25792 18.0432 -0.516755 -11.3235
3581 -1.26338 17.982 -0.602034 -11.3259
3582 -1.26845 17.9309 -0.679502 -11.3301
3583 -1.25537 18.0828 -0.480903 -11.4019
3584 -1.25705 18.0398 -0.515854 -11.4053
3585 -1.26259 17.9801 -0.601322 -11.4056
3586 -1.26773 17.9303 -0.679084 -11.4082
3587 -1.2547 18.0819 -0.480088 -11.4821
3588 -1.25651 18.0395 -0.516168 -11.4851
3589 -1.26227 17.9805 -0.603585 -11.4835
3590 -1.26781 17.9309 -0.683547 -11.4844
3591 -1.2546 18.0786 -0.483808 -11.5617
3592 -1.25652 18.0347 -0.521852 -11.5648
3593 -1.26263 17.975 -0.611732 -11.5615
3594 -1.26837 17.9246 -0.693819 -11.5609
3595 -1.25497 18.0682 -0.493629 -11.6415
3596 -1.25695 18.0233 -0.532903 -11.6442
3597 -1.26315 17.9641 -0.62379 -11.6387
3598 -1.26888 17.9143 -0.706329 -11.6362
3599 -1.25524 18.0562 -0.505099 -11.7192
3600 -1.25731 18.0124 -0.543926 -11.7206
3601 -1.51415 4.37677 -4.1234 -3.51152
3602 -1.55192 3.96732 -4.01231 -4.10811
3603 1.53529 3.69768 -3.81023 -4.54816
3604 1.49151 3.47943 -3.62677 -4.92437
3605 1.45855 3.29292 -3.47192 -5.26962
3606 1.43862 3.12442 -3.36501 -5.58704
3607 1.41321 3.00167 -3.23307 -5.88224
3608 1.38182 2.87866 -3.06537 -6.13462
3609 1.3555 2.76058 -2.91511 -6.36456
3610 1.34259 2.65168 -2.82803 -6.56926
3611 1.32857 2.54307 -2.73282 -6.75439
3612 1.31401 2.44298 -2.63356 -6.91727
3613 1.30136 2.36101 -2.54734 -7.09046
3614 1.28975 2.28396 -2.46674 -7.27834
3615 1.27961 2.21086 -2.39368 -7.47643
3616 1.27104 2.14197 -2.331 -7.67794
3617 1.26471 2.07622 -2.28185 -7.87569
3618 1.2602 2.00673 -2.24202 -8.06667
3619 1.25712 1.92964 -2.20755 -8.24727
3620 1.26099 1.83557 -2.20934 -8.37124
3621 1.25722 1.74451 -2.16857 -8.51968
3622 1.25417 1.64941 -2.13116 -8.65595
3623 1.25138 1.54252 -2.09171 -8.77856
3624 1.24929 1.42188 -2.05179 -8.89215
3625 1.24817 1.2894 -2.01478 -8.99927
3626 1.24826 1.1503 -1.98395 -9.10082
3627 1.2494 1.00957 -1.96051 -9.19596
3628 1.25092 0.869767 -1.94135 -9.28295
3629 1.25224 0.729403 -1.92241 -9.3633
3630 1.25355 0.588874 -1.90508 -9.43988
3631 1.25536 0.450173 -1.89321 -9.51389
3632 1.25806 0.312642 -1.88925 -9.58594
3633 1.26172 0.173159 -1.89318 -9.65732
3634 1.2663 0.0298328 -1.90384 -9.72902
3635 1.27144 -0.115788 -1.91976 -9.8015
3636 1.27681 -0.262896 -1.93884 -9.87427
3637 1.28207 -0.41234 -1.95843 -9.94716
3638 1.2869 -0.563135 -1.97639 -10.0195
3639 1.29102 -0.713699 -1.99109 -10.0902
3640 1.29438 -0.863227 -2.00159 -10.1585
3641 1.29699 -1.0116 -2.00802 -10.2242
3642 1.29891 -1.15847 -2.01146 -10.2861
3643 1.30046 -1.30338 -2.01337 -10.343
3644 1.30172 -1.4454 -2.01489 -10.395
3645 1.30283 -1.58401 -2.01643 -10.4431
3646 1.30376 -1.71953 -2.01835 -10.4881
3647 1.30473 -1.8527 -2.02135 -10.5302
3648 1.30577 -1.98435 -2.02583 -10.5702
3649 1.30688 -2.11425 -2.03168 -10.61
3650 1.30798 -2.24115 -2.03846 -10.6518
3651 1.30899 -2.36364 -2.04592 -10.6961
3652 1.30972 -2.4804 -2.05322 -10.7438
3653 1.30997 -2.59118 -2.05867 -10.7965
3654 1.30977 -2.69579 -2.06129 -10.854
3655 1.30948 -2.79563 -2.06327 -10.9162
3656 1.3082 -2.88638 -2.05933 -10.9766
3657 1.30633 -2.97222 -2.05084 -11.0355
3658 1.30443 -3.05466 -2.04114 -11.0933
3659 1.30288 -3.13703 -2.03291 -11.1502
3660 1.30139 -3.21362 -2.02408 -11.1946
3661 1.30123 -3.29076 -2.02523 -11.2488
3662 1.30213 -3.37062 -2.03438 -11.3074
3663 1.29863 -3.43407 -2.00877 -11.3147
3664 1.2984 -3.51126 -2.00646 -11.3609
3665 1.29973 -3.58622 -2.01749 -11.4176
3666 1.30165 -3.65592 -2.03564 -11.4756
3667 1.3051 -3.70894 -2.07062 -11.4889
3668 1.30582 -3.76144 -2.08381 -11.5162
3669 1.30651 -3.81646 -2.09404 -11.5542
3670 1.30706 -3.8686 -2.10456 -11.591
3671 1.30585 -3.90476 -2.10529 -11.5759
3672 1.30413 -3.94294 -2.10227 -11.559
3673 1.30152 -3.99444 -2.08899 -11.5583
3674 1.29894 -4.0522 -2.07576 -11.5598
3675 1.29745 -4.11731 -2.0688 -11.5636
3676 1.29654 -4.18742 -2.06666 -11.5707
3677 1.29393 -4.25771 -2.05187 -11.5736
3678 1.29146 -4.33617 -2.03753 -11.5754
3679 1.28841 -4.42421 -2.017 -11.5728
3680 1.28692 -4.52166 -2.00576 -11.5763
3681 1.28605 -4.62672 -1.99896 -11.5782
3682 1.28373 -4.73087 -1.98181 -11.5842
3683 1.28275 -4.8419 -1.97454 -11.6034
3684 1.28176 -4.94584 -1.96811 -11.6128
3685 1.27987 -5.05121 -1.95483 -11.6213
3686 1.27723 -5.15963 -1.93529 -11.6272
3687 1.27388 -5.26849 -1.91072 -11.6309
3688 1.27049 -5.37887 -1.88442 -11.6346
3689 1.26738 -5.49549 -1.85928 -11.6413
3690 1.26433 -5.61466 -1.8354 -11.6479
3691 1.26069 -5.7321 -1.80837 -11.6446
3692 1.25822 -5.85106 -1.78966 -11.6406
3693 1.25625 -5.97115 -1.77649 -11.6353
3694 1.25455 -6.09154 -1.7663 -11.631
3695 1.2524 -6.2107 -1.7543 -11.6307
3696 1.24982 -6.33246 -1.73668 -11.6373
3697 1.24672 -6.45621 -1.71577 -11.644
3698 1.24333 -6.58079 -1.69362 -11.6508
3699 1.23962 -6.70371 -1.67017 -11.6568
3700 1.23564 -6.8247 -1.64443 -11.6597
3701 1.23098 -6.94253 -1.61548 -11.657
3702 1.22553 -7.05836 -1.58143 -11.6494
3703 1.22023 -7.1736 -1.54819 -11.6428
3704 1.21465 -7.28614 -1.51529 -11.6361
3705 1.20839 -7.39662 -1.47907 -11.6275
3706 1.2022 -7.50811 -1.44261 -11.6198
3707 1.19588 -7.62265 -1.40555 -11.6131
3708 1.18935 -7.74062 -1.36699 -11.608
3709 1.18325 -7.86426 -1.32897 -11.6087
3710 1.17731 -7.99419 -1.29124 -11.6176
3711 1.17129 -8.12822 -1.25243 -11.635
3712 1.16512 -8.26552 -1.21023 -11.6577
3713 1.15865 -8.40577 -1.16539 -11.6836
3714 1.15201 -8.54792 -1.11977 -11.7109
3715 1.14542 -8.69166 -1.07272 -11.7373
3716 1.13839 -8.83732 -1.02196 -11.7601
3717 1.13103 -8.9811 -0.968194 -11.7792
3718 1.12304 -9.12226 -0.911294 -11.7942
3719 1.11478 -9.25963 -0.852454 -11.8061
3720 1.10572 -9.39614 -0.788208 -11.8146
3721 1.09613 -9.53147 -0.71804 -11.8224
3722 1.08571 -9.66469 -0.642504 -11.8339
3723 1.0749 -9.79294 -0.56474 -11.8543
3724 1.06355 -9.76981 -0.567588 -11.8897
3725 1.05461 -9.75124 -0.594688 -11.934
3726 1.04571 -9.75465 -0.615389 -11.973
3727 1.03607 -9.77911 -0.619873 -12.003
3728 1.02498 -9.81826 -0.607158 -12.0243
3729 1.01325 -9.86796 -0.584262 -12.0402
3730 1.00152 -9.92583 -0.558457 -12.0508
3731 0.989901 -9.98985 -0.534135 -12.0574
3732 0.978668 -10.0573 -0.512766 -12.0621
3733 0.96734 -10.1253 -0.494004 -12.0675
3734 0.955941 -10.1917 -0.476432 -12.0751
3735 0.943854 -10.2559 -0.457978 -12.085
3736 0.931121 -10.3171 -0.436781 -12.0964
3737 0.917301 -10.3746 -0.411674 -12.1072
3738 0.902591 -10.4277 -0.382763 -12.1157
3739 0.886796 -10.4755 -0.351062 -12.1204
3740 0.870247 -10.5175 -0.318027 -12.1202
3741 0.852925 -10.5542 -0.285795 -12.114
3742 0.835401 -10.586 -0.256633 -12.1014
3743 0.817609 -10.6141 -0.232379 -12.0823
3744 0.799732 -10.6396 -0.213726 -12.0571
3745 0.782227 -10.6646 -0.200599 -12.0264
3746 0.764845 -10.6899 -0.192655 -11.9919
3747 0.747981 -10.7155 -0.190081 -11.9557
3748 0.731636 -10.7406 -0.193319 -11.9196
3749 0.715584 -10.7642 -0.202557 -11.8855
3750 0.699577 -10.7857 -0.21806 -11.8544
3751 0.684092 -10.804 -0.240502 -11.8268
3752 0.668496 -10.8171 -0.27019 -11.8024
3753 0.652183 -10.8223 -0.305801 -11.78
3754 0.635198 -10.8179 -0.34478 -11.7584
3755 0.616645 -10.803 -0.384479 -11.7365
3756 0.596545 -10.7788 -0.422721 -11.7117
3757 0.575206 -10.7489 -0.456177 -11.682
3758 0.552881 -10.7169 -0.484457 -11.6475
3759 0.530004 -10.684 -0.511514 -11.6106
3760 0.507265 -10.6499 -0.541774 -11.5729
3761 0.484843 -10.6141 -0.577942 -11.5348
3762 0.462618 -10.5773 -0.620528 -11.4966
3763 0.44095 -10.5404 -0.668995 -11.4585
3764 0.419631 -10.5036 -0.722961 -11.4218
3765 0.398664 -10.4674 -0.78226 -11.3881
3766 0.378424 -10.4326 -0.846538 -11.3596
3767 0.3544 -10.4274 -0.766462 -11.4799
3768 0.337469 -10.4082 -0.836284 -11.4887
3769 0.322026 -10.3913 -0.929653 -11.4846
3770 0.306087 -10.4247 -0.848047 -11.5766
3771 0.292715 -10.423 -0.919548 -11.5927
3772 0.279106 -10.4619 -0.833883 -11.6861
3773 0.26637 -10.4607 -0.898572 -11.7169
3774 0.254354 -10.4567 -0.980973 -11.7596
3775 0.242239 -10.5017 -0.860893 -11.8199
3776 0.229296 -10.4946 -0.908502 -11.8542
3777 0.218198 -10.4866 -0.999209 -11.9151
3778 0.207814 -10.5248 -0.888669 -11.9251
3779 0.197655 -10.5185 -0.969837 -11.9663
3780 0.191916 -10.5294 -1.09225 -12.0337
3781 0.185001 -10.5725 -0.996582 -11.9979
3782 0.180714 -10.5919 -1.0952 -12.0268
3783 0.176309 -10.638 -1.02147 -12.0011
3784 0.169396 -10.6643 -0.949439 -11.9866
3785 0.168957 -10.6949 -1.07753 -12.0293
3786 0.161527 -10.7059 -1.03249 -12.0087
3787 0.152764 -10.7049 -0.97814 -11.9965
3788 0.152992 -10.7322 -1.10968 -12.0364
3789 0.143608 -10.7205 -1.06478 -12.0136
3790 0.134552 -10.7076 -1.00586 -12.003
3791 0.126456 -10.6948 -0.952121 -12.0033
3792 0.128038 -10.7208 -1.07833 -12.0491
3793 0.119268 -10.6987 -1.02458 -12.0282
3794 0.111715 -10.6818 -0.954608 -12.0216
3795 0.113989 -10.7056 -1.0627 -12.0656
3796 0.107285 -10.6875 -0.992584 -12.0467
3797 0.100266 -10.666 -0.908306 -12.0398
